Cartesian coordinates of the QM region in the QM/MM calculations

RC
C  38.694422   47.282778   61.079067
N  37.393282   46.965959   60.749000
C  37.035013   47.729884   59.698946
N  38.044641   48.510540   59.337229
C  39.090739   48.256043   60.188425
H  36.786199   46.290177   61.227225
H  40.037352   48.785503   60.102717
H  36.062792   47.714400   59.215739
C  41.236001   52.732759   58.497433
C  40.082314   51.963020   57.839547
O  39.481306   51.064460   58.553725
O  39.762666   52.263264   56.691299
H  41.874214   53.094587   57.679596
H  40.814568   53.621624   58.999284
C  35.479302   51.615988   61.109171
N  36.741764   52.041419   61.458467
C  37.588492   51.711917   60.466007
N  36.935568   51.084020   59.497207
C  35.615920   51.011870   59.884487
H  37.015118   52.503087   62.328851
H  34.865607   50.508575   59.284068
H  38.649555   51.930088   60.454445
Fe  37.877673   50.084883   57.911911
O  38.604912   49.283518   56.720198
C  35.574869   50.141746   56.853604
O  36.438196   51.063253   56.708588
C  34.194189   50.315484   56.267150
O  35.889941   49.118522   57.519805
C  33.151318   49.321621   56.762991
C  31.847260   49.327068   55.944842
O  30.762716   49.251842   56.577596
O  31.961109   49.363001   54.696724
H  34.286435   50.252887   55.172375
H  33.881678   51.352505   56.463227
H  32.911675   49.499580   57.821000
H  33.572603   48.304641   56.706299
C  41.055881   47.978585   54.847625
O  41.274859   44.590195   56.895030
C  42.339435   48.689964   55.390342
C  40.025861   48.787411   54.035023
O  45.614053   44.953316   55.719188
C  44.778577   49.180471   54.697276
C  40.706205   49.286278   52.803855
O  44.073525   43.407424   57.974670
C  45.303861   47.995798   55.496601
O  41.536761   50.304244   53.087444
C  44.479332   47.755545   56.771184
C  43.338577   48.976124   54.203560
O  40.577991   48.815386   51.691034
C  42.978013   47.598203   56.351932
O  47.232023   47.260371   57.682671
C  44.923069   46.392299   57.517858
O  46.730606   45.243890   58.506563
C  44.014703   46.194695   58.731598
C  42.557760   46.032763   58.329985
C  42.118888   47.327309   57.596295
C  41.938207   49.956139   56.159133
C  44.706428   48.912562   57.763949
C  44.427093   46.261504   59.999590
C  42.373066   44.902852   57.297723
C  43.642699   44.161039   56.834865
C  44.796918   45.163529   56.590021
C  41.616173   45.770612   59.506751
C  43.412730   43.281473   55.622020
C  42.987980   50.113292   53.169885
C  43.478971   51.508186   53.563856
C  43.531569   49.748547   51.783628
C  46.422676   46.392062   57.903872
C  48.076215   45.089839   58.980323
H  41.378120   47.112493   54.243111
H  40.490013   47.573568   55.692993
H  39.637103   49.618347   54.640482
H  39.188950   48.127625   53.762441
H  45.442684   49.337281   53.832995
H  44.841816   50.097335   55.299600
H  43.445912   42.658414   58.104587
H  46.352052   48.165451   55.771238
H  45.270399   47.100954   54.857418
H  43.347225   48.037708   53.619018
H  42.954945   46.683681   55.729417
H  41.057201   47.219327   57.346793
H  42.190866   48.161314   58.306919
H  41.427194   50.668451   55.504796
H  42.799561   50.468132   56.605816
H  41.230008   49.707785   56.959735
H  44.064121   48.844818   58.649031
H  44.518121   49.883306   57.295868
H  45.747548   48.907312   58.101064
H  45.472950   46.410127   60.264265
H  43.735198   46.162189   60.835382
H  40.590507   45.642259   59.138090
H  41.638702   46.626322   60.195465
H  41.905528   44.862552   60.054239
H  44.292560   42.646154   55.454086
H  43.248511   43.884227   54.719056
H  42.522482   42.657810   55.784839
H  43.190465   51.778352   54.586989
H  43.036461   52.240646   52.874324
H  44.570461   51.572410   53.474808
H  43.100305   48.804628   51.423930
H  44.625123   49.633030   51.825495
H  43.293857   50.534091   51.051285
H  48.786704   45.181128   58.145513
H  48.122920   44.088827   59.421352
H  48.306012   45.860071   59.730766
H  39.178228   46.905408   61.979950
H  34.623127   51.643565   61.783166
H  41.837323   52.179705   59.218965

TS1H2
C  38.691363   47.281027   61.028024
N  37.386757   46.983338   60.693564
C  37.052958   47.730220   59.624114
N  38.081191   48.483249   59.249405
C  39.114084   48.227017   60.119686
H  36.766657   46.325119   61.179713
H  40.069892   48.739901   60.039747
H  36.081045   47.727509   59.139448
C  41.247229   52.742141   58.512469
C  40.099857   51.977159   57.840377
O  39.502644   51.055400   58.526843
O  39.783888   52.297476   56.695988
H  41.884890   53.120060   57.701066
H  40.819325   53.620578   59.027131
C  35.481443   51.598559   61.093198
N  36.744051   52.018920   61.447313
C  37.590865   51.690999   60.453172
N  36.939417   51.070404   59.479538
C  35.619743   50.999511   59.865750
H  37.015820   52.478150   62.319600
H  34.867396   50.502567   59.261390
H  38.652509   51.907160   60.446131
Fe  37.903416   50.085665   57.811658
O  38.627266   49.363654   56.477846
C  35.574262   50.150992   56.823831
O  36.417489   51.095608   56.704045
C  34.187725   50.318679   56.259514
O  35.927992   49.109829   57.443949
C  33.153869   49.320708   56.763641
C  31.844875   49.334983   55.952105
O  30.763610   49.250501   56.589981
O  31.955875   49.391735   54.705806
H  34.272651   50.253623   55.164163
H  33.876102   51.355423   56.456609
H  32.923416   49.495588   57.824544
H  33.575339   48.304326   56.697163
C  40.841228   47.643605   55.181619
O  41.249166   44.627724   57.629028
C  42.095964   48.503167   55.530101
C  39.648145   48.293151   54.502140
O  45.402362   44.821516   55.616591
C  44.377732   49.048940   54.462449
C  39.945218   48.995777   53.233079
O  44.091307   43.367983   57.958582
C  45.046980   47.901278   55.214092
O  40.841679   49.985451   53.300078
C  44.455650   47.729597   56.624612
C  42.884583   48.789035   54.206148
O  39.368351   48.744061   52.178837
C  42.915623   47.536350   56.469622
O  47.318505   47.203100   57.023227
C  45.005653   46.408282   57.369118
O  46.942151   45.281474   58.100562
C  44.318416   46.286749   58.733382
C  42.806813   46.168009   58.615953
C  42.270006   47.403650   57.852252
C  41.701366   49.786163   56.269515
C  44.837234   48.936083   57.500590
C  44.954572   46.350092   59.905807
C  42.403960   44.980269   57.722190
C  43.517843   44.226741   56.967168
C  44.695509   45.140384   56.547338
C  42.076309   46.073483   59.955373
C  42.991472   43.461770   55.766828
C  42.310699   49.887048   53.244414
C  42.758620   51.316090   53.559800
C  42.681252   49.561824   51.793212
C  46.547633   46.387235   57.472826
C  48.346621   45.106723   58.321675
H  41.192435   46.802513   54.553815
H  40.447577   47.182757   56.096137
H  39.128370   49.028894   55.383141
H  38.846383   47.559490   54.334650
H  44.899043   49.189009   53.502597
H  44.509195   49.986289   55.020556
H  43.460426   42.626235   58.121582
H  46.123120   48.090719   55.290792
H  44.916494   46.974143   54.634559
H  42.842868   47.841696   53.637928
H  42.815141   46.563498   55.955543
H  41.179427   47.302401   57.788430
H  42.467421   48.295711   58.459788
H  41.060088   50.424324   55.656825
H  42.581548   50.369964   56.573278
H  41.121285   49.554683   57.168319
H  44.422112   48.869498   58.511956
H  44.490108   49.881179   57.068788
H  45.927750   48.984645   57.592349
H  46.036575   46.452095   59.977740
H  44.418874   46.298778   60.853928
H  41.007002   45.915106   59.766620
H  42.211661   47.008583   60.519248
H  42.451114   45.238513   60.559458
H  43.787961   42.832909   55.349418
H  42.661134   44.157560   54.983275
H  42.127468   42.855041   56.067559
H  42.580622   51.585028   54.606371
H  42.193051   52.011444   52.924400
H  43.826453   51.444579   53.339016
H  42.303869   48.571805   51.500726
H  43.773569   49.542040   51.668299
H  42.273816   50.315012   51.104041
H  48.892163   45.148072   57.367118
H  48.451739   44.123558   58.792834
H  48.725157   45.897911   58.985630
H  39.163188   46.895812   61.931936
H  34.623646   51.629677   61.764974
H  41.847398   52.177769   59.226154

IntH2
C  38.685113   47.264921   61.004688
N  37.381904   46.963533   60.664512
C  37.056898   47.693436   59.582290
N  38.090063   48.440261   59.203926
C  39.115642   48.196434   60.087260
H  36.758599   46.311233   61.154622
H  40.073499   48.705731   60.006265
H  36.088255   47.690141   59.090458
C  41.254416   52.796701   58.496148
C  40.131064   51.992115   57.829184
O  39.488816   51.142883   58.548429
O  39.884018   52.213132   56.632663
H  41.886480   53.193231   57.690776
H  40.814085   53.657455   59.029832
C  35.461614   51.599292   61.142018
N  36.721787   52.022820   61.500992
C  37.573958   51.694179   60.511036
N  36.928311   51.070085   59.536893
C  35.607885   50.998221   59.916302
H  36.991239   52.480050   62.374512
H  34.855974   50.506084   59.306434
H  38.633199   51.924031   60.504142
Fe  37.882986   50.074009   57.837075
O  38.744520   49.601158   56.271462
C  35.551217   50.152707   56.839060
O  36.353059   51.135129   56.778615
C  34.159185   50.296120   56.281422
O  35.953735   49.085778   57.392159
C  33.141151   49.270964   56.764180
C  31.829821   49.294890   55.955205
O  30.747597   49.225635   56.593889
O  31.939852   49.346889   54.708708
H  34.243469   50.246545   55.184874
H  33.822409   51.322592   56.491058
H  32.909761   49.417395   57.829239
H  33.573966   48.261755   56.668666
C  41.005114   47.958567   55.108249
O  41.269721   44.746449   57.256678
C  42.383589   48.649378   55.443558
C  40.567133   47.808909   53.716668
O  45.526547   44.841299   55.661128
C  44.727195   49.047884   54.505167
C  40.580712   48.842614   52.719085
O  44.075202   43.413110   58.007991
C  45.320328   47.910259   55.328732
O  41.321172   49.933328   52.955116
C  44.610344   47.741053   56.683385
C  43.251795   48.804046   54.154384
O  39.884486   48.770921   51.694773
C  43.079613   47.614309   56.409528
O  47.410964   47.126789   57.286340
C  45.059491   46.386387   57.438097
O  46.906871   45.197775   58.296106
C  44.260337   46.265477   58.737810
C  42.761747   46.174745   58.486875
C  42.313318   47.451039   57.727163
C  42.108617   49.991808   56.134588
C  44.964175   48.919169   57.607583
C  44.798660   46.313925   59.958611
C  42.418939   45.021442   57.523562
C  43.590069   44.217352   56.926996
C  44.785226   45.137018   56.572831
C  41.926347   46.023255   59.758583
C  43.180158   43.383669   55.728304
C  42.788705   49.832377   53.066375
C  43.216958   51.280788   53.308003
C  43.292877   49.386663   51.685555
C  46.589559   46.323546   57.661059
C  48.290126   44.979403   58.604801
H  40.953986   46.962544   55.567866
H  40.178051   48.529895   55.611260
H  39.098292   50.430328   55.893841
H  39.996468   46.917352   53.439550
H  45.318544   49.150910   53.582754
H  44.835490   50.000308   55.044132
H  43.447081   42.663699   58.136789
H  46.385069   48.097711   55.504493
H  45.239025   46.980744   54.745677
H  43.213496   47.813544   53.665529
H  42.980567   46.669584   55.844205
H  41.230859   47.380569   57.557933
H  42.478891   48.315699   58.382713
H  41.488400   50.633441   55.500492
H  43.023616   50.542179   56.388524
H  41.540046   49.832151   57.059188
H  44.439974   48.872084   58.567982
H  44.712909   49.880901   57.148252
H  46.040591   48.911305   57.808856
H  45.873172   46.396525   60.117677
H  44.187780   46.265672   60.859913
H  40.869523   45.910139   59.486929
H  42.043709   46.918364   60.387070
H  42.235665   45.140470   60.334067
H  44.001469   42.711988   55.446911
H  42.954859   44.024483   54.865478
H  42.276198   42.808947   55.972768
H  42.904789   51.653334   54.289543
H  42.759788   51.916165   52.536453
H  44.307346   51.377966   53.224504
H  42.954603   48.364688   51.450632
H  44.392148   49.380604   51.658143
H  42.935259   50.071910   50.902629
H  48.888749   44.975246   57.681702
H  48.332034   44.004537   59.101149
H  48.659573   45.773047   59.270174
H  39.158100   46.882346   61.909113
H  34.602964   51.620269   61.813096
H  41.860712   52.229375   59.202273

TS2H1
C  38.698091   47.243871   61.018039
N  37.393670   46.949946   60.675165
C  37.083347   47.662920   59.578216
N  38.128134   48.390444   59.191394
C  39.145102   48.153362   60.087172
H  36.759475   46.311648   61.171115
H  40.108763   48.651047   60.002968
H  36.116698   47.662873   59.082751
C  41.246413   52.771754   58.476850
C  40.135303   51.953379   57.815371
O  39.534987   51.064051   58.524043
O  39.851838   52.189825   56.629638
H  41.879745   53.165843   57.671024
H  40.790617   53.635232   58.991854
C  35.490048   51.567405   61.082621
N  36.751078   51.992349   61.437669
C  37.601513   51.659527   60.447493
N  36.955956   51.030996   59.474840
C  35.634849   50.961852   59.857036
H  37.019392   52.455370   62.309070
H  34.881867   50.470948   59.246512
H  38.661503   51.884872   60.441663
Fe 37.961027   49.994794   57.801646
O  38.962673   49.524484   56.242088
C  35.656479   50.109803   56.764064
O  36.480617   51.072387   56.681227
C  34.246167   50.293678   56.262105
O  36.054071   49.032095   57.306490
C  33.210769   49.296141   56.770214
C  31.887748   49.323149   55.972914
O  30.812561   49.233222   56.620403
O  31.982865   49.392612   54.726473
H  34.281613   50.262287   55.161835
H  33.950393   51.326036   56.503417
H  32.991066   49.464811   57.834973
H  33.622158   48.276765   56.689834
C  40.915232   48.058832   55.175831
O  41.247581   44.736708   57.258705
C  42.322846   48.692476   55.484776
C  40.408623   47.909482   53.840093
O  45.512818   44.853229   55.672361
C  44.665781   49.055143   54.519971
C  40.522044   48.854960   52.776548
O  44.062717   43.417377   58.006750
C  45.263798   47.919797   55.339739
O  41.272915   49.954395   53.003505
C  44.557008   47.749886   56.695159
C  43.185350   48.822222   54.183623
O  39.915366   48.734653   51.696757
C  43.017736   47.630328   56.431046
O  47.371563   47.155437   57.296241
C  45.022292   46.396715   57.444592
O  46.879096   45.221793   58.302008
C  44.228663   46.266312   58.745816
C  42.731116   46.166586   58.497190
C  42.270193   47.449811   57.756630
C  42.122787   50.042019   56.185322
C  44.919083   48.924469   57.622638
C  44.768303   46.316093   59.966047
C  42.395544   45.017233   57.525146
C  43.571798   44.220773   56.927047
C  44.762608   45.146447   56.577689
C  41.901668   45.994905   59.769626
C  43.170370   43.387983   55.725400
C  42.730426   49.844194   53.088362
C  43.183914   51.289066   53.312695
C  43.230165   49.381740   51.710647
C  46.554598   46.346473   57.667378
C  48.262254   45.014203   58.618467
H  40.786146   47.103754   55.702227
H  40.003191   48.730055   55.719269
H  39.254981   50.405338   55.921052
H  39.719431   47.083352   53.638419
H  45.247250   49.152419   53.590963
H  44.786847   50.009370   55.052561
H  43.439314   42.663802   58.134812
H  46.329455   48.108062   55.512852
H  45.182800   46.990648   54.756374
H  43.128369   47.827113   53.707640
H  42.905878   46.693997   55.853346
H  41.186328   47.378521   57.601043
H  42.440939   48.307141   58.420621
H  41.513679   50.704163   55.562354
H  43.063674   50.557306   56.412646
H  41.577826   49.896465   57.125983
H  44.373777   48.895578   58.571943
H  44.703239   49.888779   57.152636
H  45.990525   48.895368   57.846274
H  45.842283   46.404705   60.124082
H  44.159227   46.262073   60.868178
H  40.845362   45.873834   59.500290
H  42.013671   46.885555   60.405223
H  42.221349   45.110850   60.336445
H  43.999598   42.727260   55.441155
H  42.938636   44.030887   54.866019
H  42.273094   42.801659   55.966340
H  42.894941   51.674832   54.296445
H  42.721358   51.924564   52.544399
H  44.274011   51.371925   53.209513
H  42.885186   48.361379   51.482719
H  44.329344   49.369070   51.679870
H  42.874640   50.062984   50.923779
H  48.868126   45.022752   57.700165
H  48.309856   44.035913   59.107851
H  48.619968   45.805803   59.292862
H  39.165683   46.869896   61.928845
H  34.635390   51.605317   61.758039
H  41.854012   52.218927   59.193280

Pdesat
C  38.678902   47.227842   61.024107
N  37.374546   46.942511   60.682146
C  37.080601   47.645019   59.566434
N  38.129670   48.354557   59.168800
C  39.133286   48.120829   60.076818
H  36.733655   46.319695   61.186019
H  40.099004   48.616279   59.998535
H  36.111664   47.654865   59.072773
C  41.263619   52.751313   58.436009
C  40.188732   51.899872   57.750872
O  39.622042   50.975660   58.409948
O  39.924004   52.168085   56.551167
H  41.901789   53.173200   57.647714
H  40.772774   53.595774   58.950400
C  35.497624   51.585873   61.153290
N  36.761990   51.992139   61.516865
C  37.614435   51.630425   60.532600
N  36.965263   51.007047   59.565643
C  35.643796   50.965827   59.935448
H  37.032098   52.454370   62.386886
H  34.892311   50.478437   59.319783
H  38.678971   51.839024   60.530528
Fe  37.827648   50.060117   57.828870
O  38.704807   49.901359   55.823352
C  35.517924   50.136078   56.759131
O  36.291171   51.134645   56.708206
C  34.102114   50.295211   56.260348
O  35.936107   49.040140   57.247281
C  33.101381   49.254489   56.739225
C  31.790967   49.276223   55.936618
O  30.706739   49.227494   56.575504
O  31.899975   49.310196   54.688162
H  34.143894   50.287400   55.160625
H  33.778979   51.313164   56.522969
H  32.875357   49.385278   57.807759
H  33.549306   48.253506   56.629089
C  41.168981   47.833118   55.008317
O  41.306237   44.761017   57.179402
C  42.429494   48.581071   55.406106
C  40.416772   47.923421   53.898189
O  45.577850   44.849123   55.689686
C  44.786064   49.053132   54.544554
C  40.547144   48.878666   52.788374
O  44.094829   43.405066   58.029528
C  45.374519   47.915461   55.372552
O  41.399588   49.890091   52.898884
C  44.639491   47.729102   56.711417
C  43.330007   48.776136   54.140900
O  39.802570   48.797020   51.814883
C  43.117920   47.576889   56.412258
O  47.425711   47.154236   57.380046
C  45.085268   46.378612   57.473295
O  46.928558   45.200310   58.347562
C  44.265060   46.248311   58.759321
C  42.770887   46.152465   58.482972
C  42.333795   47.430923   57.722442
C  42.043969   49.906144   56.088158
C  44.955240   48.913634   57.641986
C  44.782984   46.288605   59.989023
C  42.448203   45.010283   57.497685
C  43.632114   44.201195   56.934948
C  44.829044   45.129604   56.599831
C  41.914211   45.986080   59.738265
C  43.251179   43.360932   55.730990
C  42.869535   49.800596   53.054763
C  43.268851   51.253986   53.316889
C  43.395201   49.366551   51.680319
C  46.611004   46.331007   57.724571
C  48.306836   44.994838   58.690942
H  40.839416   47.060614   55.709256
H  39.418464   49.294723   55.584135
H  39.107435   50.812794   55.850610
H  39.578976   47.232853   53.775251
H  45.401897   49.180521   53.641438
H  44.852477   50.000944   55.097511
H  43.465204   42.655187   58.150222
H  46.432612   48.114111   55.574423
H  45.316418   46.989045   54.781978
H  43.332519   47.790970   53.643496
H  43.040212   46.619622   55.865072
H  41.250246   47.362359   57.554485
H  42.494063   48.298957   58.374004
H  41.473565   50.549978   55.412484
H  42.928996   50.463217   56.421717
H  41.418070   49.721496   56.969208
H  44.432748   48.847861   58.601948
H  44.680621   49.871671   57.186796
H  46.030845   48.931827   57.845118
H  45.854369   46.372951   60.166712
H  44.157480   46.229938   60.879475
H  40.860315   45.882196   59.452851
H  42.023495   46.871280   60.381494
H  42.212649   45.094511   60.305009
H  44.083107   42.695341   55.466582
H  43.032659   43.994858   54.860973
H  42.349620   42.776791   55.961762
H  42.957431   51.607188   54.306364
H  42.795556   51.892992   52.558650
H  44.356438   51.372255   53.227393
H  43.036540   48.356312   51.424335
H  44.494607   49.334633   51.682015
H  43.073255   50.072202   50.900119
H  48.930320   45.018481   57.784969
H  48.348353   44.010502   59.168132
H  48.644907   45.779513   59.382973
H  39.146594   46.856320   61.935864
H  34.632632   51.621092   61.815570
H  41.867329   52.203889   59.159837

TS2rebC2
C  38.701545   47.262420   60.922195
N  37.399486   46.970597   60.570414
C  37.109266   47.656381   59.449319
N  38.164250   48.364368   59.052515
C  39.167014   48.142380   59.970572
H  36.756069   46.354599   61.080441
H  40.135353   48.630938   59.891151
H  36.144821   47.655164   58.948648
C  41.245802   52.746170   58.439477
C  40.144750   51.929261   57.754854
O  39.579298   50.981802   58.413519
O  39.838813   52.229184   56.589755
H  41.883653   53.150164   57.641214
H  40.775103   53.605771   58.947941
C  35.544315   51.549154   61.004109
N  36.812908   51.948291   61.363257
C  37.657354   51.604285   60.369489
N  37.002535   50.996632   59.390980
C  35.681056   50.949738   59.774239
H  37.085686   52.405756   62.235919
H  34.918064   50.477599   59.161957
H  38.722237   51.803420   60.368762
Fe  37.970289   49.981195   57.634666
O  38.804381   49.652889   55.962250
C  35.628571   50.116530   56.699521
O  36.425558   51.100903   56.652526
C  34.209095   50.299162   56.232544
O  36.059508   49.017903   57.172092
C  33.195896   49.281664   56.740732
C  31.869792   49.310793   55.954990
O  30.797504   49.224452   56.606977
O  31.961735   49.384338   54.708111
H  34.224842   50.285093   55.131913
H  33.914011   51.325440   56.496981
H  32.986424   49.431553   57.810128
H  33.620725   48.269860   56.637953
C  40.891200   47.829333   55.373713
O  41.284505   44.708238   57.577398
C  42.237921   48.576923   55.613200
C  39.820163   48.352750   54.484132
O  45.490561   44.791092   55.709268
C  44.515704   48.977473   54.511026
C  40.080136   49.068885   53.262028
O  44.094589   43.369008   58.029346
C  45.170901   47.851693   55.304066
O  41.035484   50.024407   53.318188
C  44.566073   47.711487   56.711905
C  43.013245   48.749387   54.266919
O  39.422462   48.904511   52.223855
C  43.019076   47.571187   56.550375
O  47.414988   47.128173   57.148929
C  45.081715   46.376122   57.462166
O  46.982804   45.230713   58.249665
C  44.368728   46.254394   58.813287
C  42.859440   46.164415   58.663230
C  42.366000   47.433402   57.928742
C  41.980587   49.911571   56.313233
C  44.980504   48.909194   57.584057
C  44.978031   46.299237   60.000794
C  42.447397   45.010140   57.727812
C  43.565539   44.227338   57.012998
C  44.769579   45.118915   56.625953
C  42.098095   46.045119   59.982026
C  43.066481   43.458473   55.803564
C  42.482420   49.818875   53.244597
C  43.030891   51.235380   53.451878
C  42.815908   49.369895   51.817265
C  46.622611   46.331777   57.595261
C  48.374974   45.041810   58.531109
H  41.149274   46.822896   54.982386
H  40.405936   47.636640   56.337008
H  39.163330   50.522837   55.695563
H  38.902905   47.762077   54.466137
H  45.039253   49.070528   53.546871
H  44.667651   49.933325   55.032260
H  43.460642   42.622867   58.160440
H  46.246186   48.044199   55.392352
H  45.049139   46.911347   54.745562
H  42.929194   47.771457   53.756882
H  42.889215   46.609925   56.021190
H  41.275709   47.356475   57.862095
H  42.587686   48.305185   58.557776
H  41.380113   50.569920   55.682519
H  42.908836   50.437250   56.571134
H  41.414083   49.750236   57.236320
H  44.526287   48.879421   58.580288
H  44.694975   49.862155   57.126077
H  46.068128   48.907308   57.709967
H  46.058796   46.384752   60.101845
H  44.418460   46.246176   60.935013
H  41.032798   45.900236   59.763213
H  42.229878   46.965854   60.569789
H  42.451398   45.194495   60.574859
H  43.861201   42.797579   55.434153
H  42.793434   44.146416   54.991108
H  42.172848   42.881695   56.076916
H  42.883956   51.593364   54.477600
H  42.501624   51.917368   52.771760
H  44.101412   51.280598   53.212586
H  42.405554   48.370527   51.617380
H  43.904895   49.301749   51.677821
H  42.418659   50.080430   51.078686
H  48.961207   45.065448   57.600833
H  48.447734   44.062757   59.016430
H  48.733780   45.834693   59.204146
H  39.159105   46.886724   61.837377
H  34.686639   51.603019   61.674599
H  41.853079   52.200526   59.161664

PrebC2
C  38.692083   47.283262   60.934385
N  37.385528   47.018830   60.579379
C  37.112435   47.725697   59.461964
N  38.177174   48.418819   59.072645
C  39.170401   48.167440   59.990709
H  36.733300   46.405520   61.079611
H  40.144961   48.646200   59.925103
H  36.149762   47.740909   58.955677
C  41.255845   52.846422   58.456538
C  40.172335   51.997847   57.786741
O  39.590070   51.101274   58.465257
O  39.923382   52.220382   56.572818
H  41.893750   53.253556   57.661099
H  40.781885   53.696527   58.976788
C  35.465156   51.592470   61.081594
N  36.736140   51.973396   61.450531
C  37.578872   51.637407   60.451770
N  36.919426   51.052396   59.464859
C  35.598690   51.012160   59.841497
H  37.014747   52.410802   62.331141
H  34.832786   50.567551   59.210048
H  38.646495   51.827458   60.454318
Fe  37.884059   50.138355   57.735576
O  39.015912   49.854270   55.804197
C  35.595818   50.041096   56.601469
O  36.362238   51.060991   56.639681
C  34.156309   50.272444   56.201799
O  36.039551   48.904869   56.920591
C  33.154786   49.230706   56.681565
C  31.823337   49.285560   55.912694
O  30.752870   49.221785   56.571135
O  31.907632   49.359337   54.663722
H  34.125437   50.331368   55.103108
H  33.880617   51.279725   56.547242
H  32.959479   49.338542   57.758917
H  33.587941   48.227633   56.534646
C  40.692835   48.035605   55.546321
O  41.263266   44.755154   57.790922
C  42.115142   48.681484   55.686277
C  39.485374   48.815599   54.978564
O  45.303414   44.750694   55.544913
C  44.308878   48.994310   54.373628
C  39.876163   49.244527   53.576415
O  44.066594   43.371141   57.941058
C  44.969439   47.824967   55.098140
O  40.780713   50.221485   53.600522
C  44.491513   47.713304   56.556539
C  42.779134   48.862971   54.272311
O  39.468274   48.703543   52.559707
C  42.927033   47.611893   56.528188
O  47.362172   47.077741   56.745536
C  45.049135   46.381126   57.279855
O  46.996410   45.211037   57.914146
C  44.459636   46.298973   58.690766
C  42.942540   46.226220   58.678534
C  42.395405   47.485152   57.960458
C  42.027721   49.994250   56.462301
C  45.019765   48.903913   57.380288
C  45.175829   46.367970   59.816009
C  42.435459   45.056170   57.813653
C  43.464827   44.256638   56.990395
C  44.651661   45.114636   56.498565
C  42.302588   46.154854   60.065865
C  42.831151   43.524032   55.821943
C  42.225996   50.000840   53.337530
C  42.837272   51.383811   53.562060
C  42.392459   49.624015   51.864985
C  46.595311   46.306363   57.276362
C  48.406764   44.996509   58.052812
H  40.794566   47.112957   54.947280
H  40.344782   47.716201   56.535815
H  39.501098   50.722583   55.793912
H  38.647086   48.108522   54.889486
H  44.740422   49.063705   53.363004
H  44.569937   49.935207   54.878160
H  43.436414   42.631702   58.116840
H  46.056935   47.959669   55.079649
H  44.742338   46.894984   54.553823
H  42.586923   47.912976   53.739964
H  42.716523   46.662114   56.002203
H  41.302569   47.411539   57.990605
H  42.670295   48.362664   58.559837
H  41.517851   50.763397   55.886711
H  43.010080   50.387406   56.743194
H  41.450112   49.842206   57.379612
H  44.594133   48.942118   58.388761
H  44.801821   49.861445   56.897572
H  46.107637   48.827980   57.477380
H  46.261959   46.451639   59.817466
H  44.701405   46.340641   60.797382
H  41.224253   45.989728   59.945199
H  42.468851   47.098711   60.607000
H  42.720842   45.332685   60.658007
H  43.572564   42.865584   55.351444
H  42.484226   44.241187   55.064223
H  41.959898   42.957834   56.173362
H  42.845287   51.680625   54.616772
H  42.253568   52.124252   52.997678
H  43.867839   51.405746   53.183824
H  41.840942   48.704891   51.637350
H  43.452829   49.457279   51.629642
H  42.020488   50.425793   51.211092
H  48.895196   45.010895   57.067057
H  48.511432   44.017978   58.533974
H  48.845620   45.785659   58.681907
H  39.147780   46.899881   61.847307
H  34.611320   51.626528   61.758255
H  41.857850   52.288005   59.173356

TS1H1
C  38.702417   47.226522   61.121702
N  37.397449   46.925390   60.791814
C  37.054696   47.680294   59.730370
N  38.078087   48.438468   59.364757
C  39.116606   48.180640   60.220214
H  36.778134   46.262387   61.272697
H  40.071083   48.695149   60.130324
H  36.087365   47.671576   59.237755
C  41.238343   52.777802   58.530580
C  40.108258   51.977968   57.864725
O  39.571479   51.023312   58.542498
O  39.767847   52.290664   56.719664
H  41.871699   53.159788   57.718508
H  40.806101   53.655396   59.043005
C  35.503638   51.570407   61.054990
N  36.760810   52.004250   61.410105
C  37.616015   51.670607   60.422209
N  36.977691   51.033539   59.450984
C  35.657355   50.957633   59.833146
H  37.023758   52.473187   62.279782
H  34.910417   50.452203   59.227865
H  38.675759   51.896246   60.425529
Fe  38.047123   49.903979   57.830366
O  39.025638   48.900995   56.797320
C  35.730073   50.036668   56.759854
O  36.617580   50.927473   56.577590
C  34.317380   50.275499   56.259074
O  36.044230   48.985987   57.389981
C  33.249218   49.311177   56.768112
C  31.928008   49.342701   55.969670
O  30.852257   49.246851   56.614659
O  32.017400   49.412349   54.720515
H  34.346243   50.250028   55.159219
H  34.050606   51.316009   56.503538
H  33.025275   49.495400   57.828973
H  33.639950   48.282392   56.707461
C  40.817758   48.429341   55.097693
O  41.207039   44.649482   56.780975
C  42.254273   48.895212   55.464970
C  39.895337   49.191909   54.141813
O  45.525484   44.973886   55.679917
C  44.668155   49.170793   54.627620
C  40.624907   49.398882   52.853835
O  44.005005   43.449826   57.965816
C  45.179467   47.999363   55.445671
O  41.498914   50.406974   52.988424
C  44.375078   47.793716   56.736930
C  43.200094   49.036470   54.187334
O  40.491862   48.730739   51.849321
C  42.856615   47.701964   56.342059
O  47.146247   47.267906   57.571006
C  44.819866   46.422662   57.467765
O  46.631962   45.288605   58.471215
C  43.915740   46.231816   58.681531
C  42.461723   46.058725   58.273972
C  41.991836   47.359968   57.564248
C  42.126172   50.214527   56.235315
C  44.645777   48.936303   57.739473
C  44.329072   46.317902   59.947342
C  42.293380   44.933677   57.231469
C  43.566905   44.173193   56.810053
C  44.707414   45.185380   56.546110
C  41.536062   45.749073   59.453545
C  43.353667   43.264493   55.615835
C  42.932497   50.140654   53.096144
C  43.497991   51.525279   53.419362
C  43.460052   49.672370   51.733156
C  46.327610   46.420227   57.837190
C  47.986613   45.129232   58.919012
H  40.777080   47.345289   54.908347
H  40.022740   48.580698   56.126939
H  39.626144   50.165548   54.575820
H  38.981359   48.602584   53.994357
H  45.303751   49.267425   53.734910
H  44.796669   50.105460   55.190719
H  43.397405   42.685375   58.100864
H  46.234197   48.159117   55.697191
H  45.124410   47.092116   54.827145
H  43.105880   48.069769   53.660272
H  42.789754   46.838366   55.652035
H  40.943175   47.214654   57.281135
H  42.011623   48.174478   58.302179
H  41.520071   50.926707   55.666029
H  43.085987   50.689143   56.458693
H  41.599853   50.035054   57.179668
H  43.914063   48.961894   58.555334
H  44.621194   49.912866   57.248982
H  45.641047   48.827249   58.180258
H  45.375885   46.471489   60.206486
H  43.640712   46.227517   60.787111
H  40.505680   45.619249   59.099742
H  41.558176   46.581889   60.168851
H  41.849895   44.829660   59.968745
H  44.239637   42.632155   55.469602
H  43.196104   43.845732   54.698586
H  42.465987   42.638138   55.782473
H  43.206485   51.868764   54.419065
H  43.108225   52.240156   52.681093
H  44.592357   51.525098   53.345171
H  42.987773   48.728632   51.429198
H  44.548179   49.517428   51.774217
H  43.250353   50.427047   50.960622
H  48.680233   45.203664   58.068569
H  48.034665   44.133678   59.372177
H  48.238366   45.907223   59.654303
H  39.182517   46.860471   62.029214
H  34.645270   51.612747   61.725422
H  41.845982   52.220620   59.243594

IntH1
C  38.654092   47.242565   61.135234
N  37.349699   46.929886   60.814594
C  36.984091   47.704577   59.774471
N  37.988909   48.487718   59.412413
C  39.040759   48.225293   60.251458
H  36.744537   46.252628   61.292877
H  39.985597   48.757926   60.163956
H  36.011867   47.688985   59.291246
C  41.175159   52.711627   58.497839
C  40.078882   51.895439   57.796426
O  39.532318   50.923546   58.450728
O  39.759394   52.216633   56.648938
H  41.810515   53.130689   57.705253
H  40.696343   53.563418   59.012582
C  35.496007   51.630232   61.112724
N  36.769527   52.024434   61.459646
C  37.597225   51.703950   60.442892
N  36.925679   51.115197   59.465924
C  35.611665   51.057253   59.869985
H  37.056581   52.464459   62.336539
H  34.843655   50.586048   59.264494
H  38.663220   51.901219   60.429492
Fe 37.880129   49.941231   57.823280
O  38.606009   48.767538   56.605867
C  35.557376   50.104584   56.825971
O  36.450689   50.986211   56.618608
C  34.167489   50.305647   56.277157
O  35.853381   49.093736   57.524482
C  33.128341   49.299202   56.753259
C  31.826877   49.317808   55.933387
O  30.740957   49.245846   56.563922
O  31.943676   49.360618   54.685046
H  34.236175   50.292353   55.178873
H  33.868317   51.335541   56.527181
H  32.886563   49.455515   57.813938
H  33.553785   48.285105   56.677798
C  41.080447   48.280394   54.829608
O  41.277878   44.650444   56.656747
C  42.408901   48.827836   55.322674
C  40.029792   49.068634   54.098129
O  45.608841   44.976211   55.666969
C  44.845171   49.184197   54.588307
C  40.724993   49.384029   52.797439
O  44.032096   43.457738   57.948509
C  45.334796   48.014681   55.434887
O  41.624620   50.363086   52.983447
C  44.480735   47.792812   56.696444
C  43.401221   49.010944   54.095343
O  40.559631   48.791366   51.750574
C  42.989871   47.674865   56.243306
O  47.201924   47.249312   57.646754
C  44.881574   46.420198   57.449306
O  46.645825   45.263274   58.508616
C  43.929594   46.243150   58.631089
C  42.488125   46.070205   58.176296
C  42.063320   47.361134   57.425456
C  42.171092   50.144227   56.082004
C  44.703241   48.940182   57.703389
C  44.297674   46.336091   59.910725
C  42.350649   44.934506   57.141145
C  43.635062   44.167619   56.769860
C  44.780149   45.181854   56.527674
C  41.512819   45.790201   59.322904
C  43.456531   43.241940   55.582880
C  43.068568   50.104527   53.012268
C  43.639041   51.492816   53.305600
C  43.539320   49.635100   51.632413
C  46.371845   46.402420   57.874714
C  47.985269   45.088473   58.996078
H  41.025053   47.193754   54.702254
H  39.565293   48.680842   56.504512
H  39.751451   49.994589   54.624099
H  39.130650   48.462420   53.940252
H  45.516483   49.285547   53.720852
H  44.934733   50.122184   55.154114
H  43.413745   42.702650   58.078990
H  46.376663   48.183511   55.732184
H  45.312708   47.106651   54.815112
H  43.361801   48.042778   53.565222
H  42.963885   46.793978   55.573207
H  41.030689   47.218633   57.075445
H  42.049986   48.186462   58.151578
H  41.597080   50.848030   55.470893
H  43.099747   50.640180   56.381976
H  41.585895   49.956274   56.991201
H  43.959810   48.948101   58.509249
H  44.659211   49.915455   57.210772
H  45.694849   48.854209   58.158200
H  45.334989   46.488104   60.206169
H  43.578421   46.255366   60.725136
H  40.498201   45.657389   58.926504
H  41.503491   46.637164   60.022163
H  41.797169   44.879583   59.870577
H  44.343086   42.602491   55.476348
H  43.327431   43.805526   54.649950
H  42.562452   42.620319   55.733865
H  43.398476   51.836093   54.319529
H  43.207319   52.204677   52.587848
H  44.728465   51.496580   53.173512
H  43.046820   48.696589   51.344397
H  44.626658   49.463829   51.649203
H  43.318586   50.392812   50.865551
H  48.701826   45.142333   58.163226
H  48.005731   44.097017   59.459895
H  48.228672   45.870918   59.729084
H  39.147789   46.866090   62.031111
H  34.640981   51.662143   61.787986
H  41.787713   52.169756   59.218408

TS2H2
C  38.701432   47.315244   61.001348
N  37.403748   46.998166   60.656735
C  37.073277   47.728732   59.574006
N  38.096863   48.488732   59.197886
C  39.121350   48.255803   60.086541
H  36.784677   46.343471   61.148191
H  40.069194   48.784958   60.013393
H  36.103004   47.714240   59.086229
C  41.279797   52.698986   58.454058
C  40.114559   51.921305   57.836637
O  39.579306   50.962155   58.519958
O  39.710681   52.256307   56.720920
H  41.914433   53.031283   57.620763
H  40.872624   53.609051   58.928884
C  35.502771   51.612808   61.074215
N  36.771303   52.016369   61.427842
C  37.608711   51.700798   60.420058
N  36.947457   51.105946   59.437302
C  35.630017   51.038580   59.832913
H  37.050710   52.456151   62.307107
H  34.867161   50.562730   59.224425
H  38.672779   51.905906   60.416005
Fe 37.932720   50.108434   57.716012
O  38.740529   49.145656   56.305628
C  35.574967   50.134194   56.772225
O  36.443993   51.055142   56.599508
C  34.175505   50.330866   56.248542
O  35.914883   49.103046   57.408937
C  33.147230   49.320827   56.742247
C  31.837473   49.326413   55.932321
O  30.756494   49.249671   56.569798
O  31.947124   49.363950   54.683516
H  34.227027   50.310827   55.149431
H  33.873431   51.360851   56.493508
H  32.914731   49.482850   57.804379
H  33.576252   48.308143   56.667225
C  41.135164   47.815524   54.792595
O  41.354537   44.450005   56.711750
C  42.325782   48.563216   55.366286
C  39.957605   48.436576   54.130549
O  45.701421   44.993242   55.740727
C  44.735812   49.174558   54.710070
C  40.508838   49.119899   52.908879
O  44.132508   43.363814   57.943662
C  45.304199   48.032469   55.553934
O  41.382216   50.108595   53.193238
C  44.450307   47.734958   56.802803
C  43.322420   48.876930   54.184969
O  40.248829   48.783570   51.767334
C  42.986932   47.507868   56.325910
O  47.167342   47.309421   57.807809
C  44.901266   46.371317   57.544531
O  46.701712   45.270322   58.600272
C  43.941087   46.126856   58.711561
C  42.510465   45.898518   58.243055
C  42.055423   47.172168   57.493078
C  41.895612   49.839367   56.114726
C  44.586243   48.887141   57.816715
C  44.289034   46.216008   59.997366
C  42.418215   44.784322   57.184031
C  43.733371   44.097608   56.781083
C  44.853204   45.153191   56.592231
C  41.527074   45.584665   59.371248
C  43.596828   43.209595   55.560313
C  42.844561   49.956369   53.142674
C  43.330270   51.376536   53.438492
C  43.286220   49.547838   51.733788
C  46.381188   46.412764   57.994176
C  48.038536   45.149805   59.109729
H  41.264550   46.734132   54.674460
H  39.314125   48.433926   56.628753
H  39.376129   49.056812   54.947641
H  39.259406   47.657691   53.786046
H  45.413633   49.343126   53.857361
H  44.736987   50.108689   55.289808
H  43.494306   42.625450   58.080810
H  46.327598   48.273250   55.867514
H  45.358792   47.133103   54.922955
H  43.397689   47.927288   53.626263
H  43.044109   46.607108   55.686197
H  41.036700   46.995690   57.115422
H  42.004356   47.999589   58.213453
H  41.277882   50.480125   55.480064
H  42.759935   50.423111   56.454572
H  41.291207   49.595534   56.995418
H  43.878897   48.806021   58.650860
H  44.423342   49.857759   57.337468
H  45.598987   48.897805   58.232030
H  45.313141   46.414568   60.310807
H  43.564235   46.083950   60.800166
H  40.524460   45.420095   58.955952
H  41.480352   46.431361   60.068489
H  41.824388   44.682677   59.923470
H  44.507538   42.609910   55.433403
H  43.440702   43.800336   54.647512
H  42.731426   42.543794   55.686704
H  43.078640   51.691624   54.458706
H  42.847040   52.068431   52.734480
H  44.417067   51.452611   53.301174
H  42.868845   48.571343   51.450718
H  44.384675   49.464791   51.702978
H  42.975305   50.291532   50.985442
H  48.767144   45.260226   58.293081
H  48.099946   44.149850   59.551337
H  48.230073   45.924887   59.865716
H  39.177335   46.928818   61.902602
H  34.649421   51.642562   61.751692
H  41.881498   52.161881   59.187229

TS2rebC1
C  38.704114   47.262126   61.106272
N  37.404104   46.965785   60.757375
C  37.091076   47.702901   59.671698
N  38.127555   48.444747   59.301078
C  39.139545   48.199540   60.195512
H  36.774134   46.314862   61.241350
H  40.091387   48.722881   60.133315
H  36.124208   47.700149   59.176321
C  41.283260   52.743597   58.501890
C  40.141647   51.939997   57.872186
O  39.653952   50.956200   58.542974
O  39.734202   52.264518   56.751449
H  41.913722   53.099451   57.675232
H  40.856799   53.635548   58.992955
C  35.519356   51.576161   61.027122
N  36.780280   51.995067   61.386893
C  37.629953   51.667401   60.390598
N  36.988311   51.049974   59.409743
C  35.667823   50.980436   59.795026
H  37.045943   52.454588   62.261510
H  34.914645   50.492238   59.183069
H  38.692260   51.880321   60.398626
Fe 38.090744   49.988286   57.699663
O  39.178279   48.748416   56.658397
C  35.726223   50.017313   56.712187
O  36.620273   50.905520   56.497829
C  34.309886   50.283923   56.244705
O  36.041213   48.967148   57.327807
C  33.248710   49.310171   56.745888
C  31.925015   49.350212   55.955437
O  30.851590   49.249205   56.602899
O  32.011150   49.433466   54.706476
H  34.324618   50.292198   55.144251
H  34.058999   51.318416   56.527942
H  33.034548   49.477621   57.811389
H  33.644069   48.284220   56.668385
C  40.747413   48.422670   55.029190
O  41.226979   44.596717   56.625444
C  42.181345   48.857835   55.373923
C  39.779999   49.199175   54.179578
O  45.539050   44.967376   55.623100
C  44.587683   49.136205   54.500498
C  40.465986   49.364453   52.854358
O  44.013628   43.448153   57.930977
C  45.124942   47.988471   55.339544
O  41.377276   50.346074   52.935862
C  44.321891   47.781334   56.633079
C  43.116125   48.982970   54.078012
O  40.279934   48.672996   51.872571
C  42.807163   47.663535   56.231349
O  47.097317   47.293776   57.476410
C  44.781039   46.423304   57.384150
O  46.590864   45.346899   58.451963
C  43.864288   46.233362   58.588096
C  42.424657   46.010534   58.161521
C  41.934814   47.287335   57.432943
C  42.079032   50.189139   56.133670
C  44.571609   48.937904   57.627073
C  44.247604   46.372147   59.859106
C  42.299245   44.881125   57.118850
C  43.588738   44.131214   56.746671
C  44.705525   45.169708   56.481626
C  41.480681   45.689122   59.323084
C  43.421975   43.186255   55.573565
C  42.811060   50.060759   52.971580
C  43.414018   51.444296   53.226581
C  43.270598   49.553703   51.597978
C  46.284225   46.449864   57.770983
C  47.941900   45.214035   58.920548
H  40.584556   47.340709   55.009731
H  39.513130   48.088114   57.276433
H  39.567444   50.183269   54.623821
H  38.845684   48.635860   54.087136
H  45.210221   49.216075   53.597280
H  44.717736   50.084659   55.039046
H  43.407389   42.685763   58.080690
H  46.175626   48.177286   55.590388
H  45.095230   47.070613   54.735176
H  43.024450   48.004479   53.574343
H  42.761795   46.808920   55.528129
H  40.920506   47.066319   57.087630
H  41.878288   48.109321   58.160146
H  41.469724   50.896165   55.560499
H  43.049858   50.653721   56.325054
H  41.565103   50.030914   57.088441
H  43.800917   48.998953   58.404410
H  44.596126   49.904485   57.116761
H  45.541089   48.821827   58.121027
H  45.282897   46.566569   60.134294
H  43.542551   46.287155   60.685263
H  40.462375   45.526927   58.946237
H  41.456728   46.529309   60.028773
H  41.804611   44.783852   59.855661
H  44.321220   42.564332   55.470779
H  43.278101   43.734554   54.634122
H  42.541871   42.548018   55.736772
H  43.171531   51.824279   54.226569
H  43.004515   52.142978   52.483391
H  44.504613   51.425268   53.103921
H  42.771209   48.612905   51.331875
H  44.356928   49.376739   51.601097
H  43.050136   50.297319   50.817172
H  48.642811   45.245485   58.073421
H  47.988020   44.243302   59.425292
H  48.184698   46.029571   59.617234
H  39.176348   46.883967   62.012945
H  34.661847   51.623074   61.698348
H  41.886568   52.196479   59.226285

PrebC1
C  38.713908   47.310841   60.997846
N  37.423618   47.010853   60.614397
C  37.148198   47.731977   59.504566
N  38.195347   48.467179   59.151164
C  39.178090   48.232241   60.084177
H  36.777130   46.379064   61.099084
H  40.130950   48.757098   60.048843
H  36.197139   47.723480   58.976978
C  41.315821   52.780559   58.510672
C  40.174825   51.955566   57.908634
O  39.737164   50.946557   58.563639
O  39.724318   52.293985   56.800452
H  41.941028   53.132183   57.677680
H  40.888695   53.676056   58.994314
C  35.524032   51.600957   61.032381
N  36.784258   52.001714   61.416445
C  37.640388   51.709121   60.414553
N  37.001017   51.135417   59.408056
C  35.678634   51.053786   59.778525
H  37.047339   52.428475   62.306822
H  34.926982   50.602944   59.134598
H  38.705115   51.912858   60.437661
Fe  38.038589   50.163159   57.735767
O  39.747353   48.805456   56.494131
C  35.720318   49.940109   56.569869
O  36.551213   50.914191   56.515607
C  34.277644   50.249173   56.206412
O  36.093886   48.800233   56.934469
C  33.234136   49.252070   56.697312
C  31.899995   49.316385   55.930239
O  30.831329   49.232650   56.588438
O  31.974509   49.405296   54.680312
H  34.225323   50.324764   55.109299
H  34.054314   51.264742   56.568167
H  33.038064   49.381748   57.772012
H  33.636850   48.233421   56.573365
C  40.526118   48.543269   55.316453
O  41.238361   44.529654   56.585060
C  42.078919   48.900267   55.496929
C  39.663939   49.274156   54.265292
O  45.519394   44.953158   55.594594
C  44.437443   49.101582   54.515623
C  40.367950   49.353290   52.953609
O  44.043846   43.396636   57.909186
C  44.993141   47.948715   55.330465
O  41.240350   50.371594   52.969874
C  44.238657   47.740152   56.651317
C  42.939429   48.995071   54.157030
O  40.211501   48.597028   52.017040
C  42.708682   47.642776   56.287297
O  47.046524   47.283297   57.386526
C  44.740789   46.378756   57.371110
O  46.590208   45.355069   58.421015
C  43.853658   46.154361   58.588262
C  42.417937   45.896407   58.175814
C  41.875506   47.177229   57.493617
C  42.114334   50.222927   56.262907
C  44.512845   48.881359   57.660338
C  44.245924   46.305343   59.855092
C  42.301969   44.795874   57.099232
C  43.598444   44.065195   56.725479
C  44.688048   45.130865   56.457474
C  41.498963   45.510406   59.339127
C  43.447895   43.116039   55.553786
C  42.670776   50.094846   53.058176
C  43.261513   51.478119   53.342246
C  43.164125   49.607954   51.687859
C  46.253126   46.437936   57.723209
C  47.954640   45.249446   58.856415
H  40.479193   47.464301   55.079401
H  40.089865   48.325002   57.257223
H  39.461690   50.287845   54.640400
H  38.716779   48.723792   54.189699
H  45.025372   49.169312   53.589260
H  44.612084   50.046023   55.048492
H  43.436472   42.638495   58.080975
H  46.054777   48.126467   55.538580
H  44.928534   47.032806   54.726020
H  42.794115   48.027505   53.642571
H  42.638616   46.827492   55.541237
H  40.870202   46.884828   57.167476
H  41.799256   47.962321   58.261636
H  41.445440   50.943448   55.779969
H  43.108827   50.668259   56.322914
H  41.739656   50.082894   57.278911
H  43.719138   48.974260   58.411339
H  44.600628   49.848429   57.158449
H  45.456212   48.723849   58.190912
H  45.276795   46.534966   60.120328
H  43.553397   46.194300   60.688999
H  40.480246   45.325202   58.974181
H  41.458814   46.324798   60.073839
H  41.861112   44.600884   59.836181
H  44.361460   42.516411   55.446308
H  43.283560   43.659354   54.614849
H  42.586410   42.454199   55.722590
H  42.984560   51.853524   54.333970
H  42.874001   52.178510   52.588797
H  44.355436   51.463889   53.256321
H  42.694156   48.654980   51.412094
H  44.254426   49.466926   51.693269
H  42.923451   50.350957   50.913012
H  48.632574   45.283299   57.991015
H  48.028690   44.285762   59.371167
H  48.200434   46.077015   59.537827
H  39.171044   46.922245   61.907838
H  34.662943   51.632567   61.699909
H  41.923844   52.241578   59.237221

QM model calculations
RC
C  38.69442200   47.28277800   61.07906700
N  37.39328200   46.96595900   60.74900000
C  37.03501300   47.72988400   59.69894600
N  38.04464100   48.51054000   59.33722900
C  39.09073900   48.25604300   60.18842500
H  36.78619900   46.29017700   61.22722500
H  40.03735200   48.78550300   60.10271700
H  36.06279200   47.71440000   59.21573900
C  41.23600100   52.73275900   58.49743300
C  40.08231400   51.96302000   57.83954700
O  39.48130600   51.06446000   58.55372500
O  39.76266600   52.26326400   56.69129900
H  41.87421400   53.09458700   57.67959600
H  40.81456800   53.62162400   58.99928400
C  35.47930200   51.61598800   61.10917100
N  36.74176400   52.04141900   61.45846700
C  37.58849200   51.71191700   60.46600700
N  36.93556800   51.08402000   59.49720700
C  35.61592000   51.01187000   59.88448700
H  37.01511800   52.50308700   62.32885100
H  34.86560700   50.50857500   59.28406800
H  38.64955500   51.93008800   60.45444500
Fe 37.87767300   50.08488300   57.91191100
O  38.60491200   49.28351800   56.72019800
C  35.57486900   50.14174600   56.85360400
O  36.43819600   51.06325300   56.70858800
C  34.19418900   50.31548400   56.26715000
O  35.88994100   49.11852200   57.51980500
H  34.23976147   50.19297656   55.20516362
H  33.82926817   51.29450488   56.49791157
C  41.05588100   47.97858500   54.84762500
C  42.33943500   48.68996400   55.39034200
C  40.02586100   48.78741100   54.03502300
C  40.70620500   49.28627800   52.80385500
O  41.53676100   50.30424400   53.08744400
C  43.33857700   48.97612400   54.20356000
O  40.57799100   48.81538600   51.69103400
C  42.98798000   50.11329200   53.16988500
H  41.37812000   47.11249300   54.24311100
H  40.49001300   47.57356800   55.69299300
H  39.63710300   49.61834700   54.64048200
H  39.18895000   48.12762500   53.76244100
H  43.45148828   48.06573822   53.65278893
H  39.17822800   46.90540800   61.97995000
H  34.62312700   51.64356500   61.78316600
H  41.83732300   52.17970500   59.21896500
H  42.81632756   48.05989482   56.11178937
H  42.06403490   49.61448375   55.85328694
H  44.28811597   49.21604648   54.63450426
H  43.44701439   51.02792093   53.48236116
H  43.36344012   49.84149205   52.20549167
H  33.53523702   49.58207507   56.68283453

TS1H2
C  38.69136300   47.28102700   61.02802400
N  37.38675700   46.98333800   60.69356400
C  37.05295800   47.73022000   59.62411400
N  38.08119100   48.48324900   59.24940500
C  39.11408400   48.22701700   60.11968600
H  36.76665700   46.32511900   61.17971300
H  40.06989200   48.73990100   60.03974700
H  36.08104500   47.72750900   59.13944800
C  41.24722900   52.74214100   58.51246900
C  40.09985700   51.97715900   57.84037700
O  39.50264400   51.05540000   58.52684300
O  39.78388800   52.29747600   56.69598800
H  41.88489000   53.12006000   57.70106600
H  40.81932500   53.62057800   59.02713100
C  35.48144300   51.59855900   61.09319800
N  36.74405100   52.01892000   61.44731300
C  37.59086500   51.69099900   60.45317200
N  36.93941700   51.07040400   59.47953800
C  35.61974300   50.99951100   59.86575000
H  37.01582000   52.47815000   62.31960000
H  34.86739600   50.50256700   59.26139000
H  38.65250900   51.90716000   60.44613100
Fe 37.90341600   50.08566500   57.81165800
O  38.62726600   49.36365400   56.47784600
C  35.57426200   50.15099200   56.82383100
O  36.41748900   51.09560800   56.70404500
C  34.18772500   50.31867900   56.25951400
O  35.92799200   49.10982900   57.44394900
H  34.21735771   50.19306913   55.19732566
H  33.82361288   51.29737664   56.49290916
C  40.84122800   47.64360500   55.18161900
C  42.09596400   48.50316700   55.53010100
C  39.64814500   48.29315100   54.50214000
C  39.94521800   48.99577700   53.23307900
O  40.84167900   49.98545100   53.30007800
C  42.88458300   48.78903500   54.20614800
O  39.36835100   48.74406100   52.17883700
C  42.31069900   49.88704800   53.24441400
H  41.19243500   46.80251300   54.55381500
H  40.44757700   47.18275700   56.09613700
H  39.12837000   49.02889400   55.38314100
H  38.84638300   47.55949000   54.33465000
H  39.16318800   46.89581200   61.93193600
H  34.62364600   51.62967700   61.76497400
H  41.84739800   52.17776900   59.22615400
H  42.72975270   50.83399214   53.51384079
H  42.60246764   49.65333967   52.24184157
H  43.87933553   49.07771102   54.47453867
H  42.94366845   47.87260564   53.65699763
H  42.72125997   47.96733880   56.21332357
H  41.78790217   49.42738399   55.97261752
H  33.53730360   49.58470458   56.68745507

IntH2
C  38.68511300   47.26492100   61.00468800
N  37.38190400   46.96353300   60.66451200
C  37.05689800   47.69343600   59.58229000
N  38.09006300   48.44026100   59.20392600
C  39.11564200   48.19643400   60.08726000
H  36.75859900   46.31123300   61.15462200
H  40.07349900   48.70573100   60.00626500
H  36.08825500   47.69014100   59.09045800
C  41.25441600   52.79670100   58.49614800
C  40.13106400   51.99211500   57.82918400
O  39.48881600   51.14288300   58.54842900
O  39.88401800   52.21313200   56.63266300
H  41.88648000   53.19323100   57.69077600
H  40.81408500   53.65745500   59.02983200
C  35.46161400   51.59929200   61.14201800
N  36.72178700   52.02282000   61.50099200
C  37.57395800   51.69417900   60.51103600
N  36.92831100   51.07008500   59.53689300
C  35.60788500   50.99822100   59.91630200
H  36.99123900   52.48005000   62.37451200
H  34.85597400   50.50608400   59.30643400
H  38.63319900   51.92403100   60.50414200
Fe 37.88298600   50.07400900   57.83707500
O  38.74452000   49.60115800   56.27146200
C  35.55121700   50.15270700   56.83906000
O  36.35305900   51.13512900   56.77861500
C  34.15918500   50.29612000   56.28142200
O  35.95373500   49.08577800   57.39215900
H  34.18780741   50.18418258   55.21767825
H  33.77408368   51.26347810   56.52802954
C  41.00511400   47.95856700   55.10824900
C  42.38358900   48.64937800   55.44355800
C  40.56713300   47.80890900   53.71666800
C  40.58071200   48.84261400   52.71908500
O  41.32117200   49.93332800   52.95511600
C  43.25179500   48.80404600   54.15438400
O  39.88448600   48.77092100   51.69477300
C  42.78870500   49.83237700   53.06637500
H  40.95398600   46.96254400   55.56786600
H  40.17805100   48.52989500   55.61126000
H  39.09829200   50.43032800   55.89384100
H  39.99646800   46.91735200   53.43955000
H  43.31047782   47.84332292   53.68697894
H  39.15810000   46.88234600   61.90911300
H  34.60296400   51.62026900   61.81309600
H  41.86071200   52.22937500   59.20227300
H  44.23910032   49.08019958   54.46076189
H  43.18543261   49.53247130   52.11897657
H  43.18169087   50.79607575   53.31486410
H  42.91334113   48.05142647   56.15539832
H  42.20014798   49.61655386   55.86286726
H  33.52690843   49.54256508   56.70246988

TS2H1
C  38.69809100   47.24387100   61.01803900
N  37.39367000   46.94994600   60.67516500
C  37.08334700   47.66292000   59.57821600
N  38.12813400   48.39044400   59.19139400
C  39.14510200   48.15336200   60.08717200
H  36.75947500   46.31164800   61.17111500
H  40.10876300   48.65104700   60.00296800
H  36.11669800   47.66287300   59.08275100
C  41.24641300   52.77175400   58.47685000
C  40.13530300   51.95337900   57.81537100
O  39.53498700   51.06405100   58.52404300
O  39.85183800   52.18982500   56.62963800
H  41.87974500   53.16584300   57.67102400
H  40.79061700   53.63523200   58.99185400
C  35.49004800   51.56740500   61.08262100
N  36.75107800   51.99234900   61.43766900
C  37.60151300   51.65952700   60.44749300
N  36.95595600   51.03099600   59.47484000
C  35.63484900   50.96185200   59.85703600
H  37.01939200   52.45537000   62.30907000
H  34.88186700   50.47094800   59.24651200
H  38.66150300   51.88487200   60.44166300
Fe 37.96102700   49.99479400   57.80164600
O  38.96267300   49.52448400   56.24208800
C  35.65647900   50.10980300   56.76406400
O  36.48061700   51.07238700   56.68122700
C  34.24616700   50.29367800   56.26210500
O  36.05407100   49.03209500   57.30649000
H  34.23176966   50.19943070   55.19636105
H  33.89278550   51.26491762   56.53907995
C  40.91523200   48.05883200   55.17583100
C  42.32284600   48.69247600   55.48477600
C  40.40862300   47.90948200   53.84009300
C  40.52204400   48.85496000   52.77654800
O  41.27291500   49.95439500   53.00350500
C  43.18535000   48.82222200   54.18362300
O  39.91536600   48.73465300   51.69675700
C  42.73042600   49.84419400   53.08836200
H  40.78614600   47.10375400   55.70222700
H  40.00319100   48.73005500   55.71926900
H  39.25498100   50.40533800   55.92105200
H  39.71943100   47.08335200   53.63841900
H  43.22700527   47.85584656   53.72614804
H  39.16568300   46.86989600   61.92884500
H  34.63539000   51.60531700   61.75803900
H  41.85401200   52.21892700   59.19328000
H  44.17877757   49.08727280   54.47984883
H  43.13773556   50.80587143   53.32111816
H  43.10984273   49.52707644   52.13947876
H  42.83957733   48.07233411   56.18713828
H  42.18368511   49.66397162   55.91107462
H  33.61341178   49.54713426   56.69476338

Pdesat
C  38.67890200   47.22784200   61.02410700
N  37.37454600   46.94251100   60.68214600
C  37.08060100   47.64501900   59.56643400
N  38.12967000   48.35455700   59.16880000
C  39.13328600   48.12082900   60.07681800
H  36.73365500   46.31969500   61.18601900
H  40.09900400   48.61627900   59.99853500
H  36.11166400   47.65486500   59.07277300
C  41.26361900   52.75131300   58.43600900
C  40.18873200   51.89987200   57.75087200
O  39.62204200   50.97566000   58.40994800
O  39.92400400   52.16808500   56.55116700
H  41.90178900   53.17320000   57.64771400
H  40.77277400   53.59577400   58.95040000
C  35.49762400   51.58587300   61.15329000
N  36.76199000   51.99213900   61.51686500
C  37.61443500   51.63042500   60.53260000
N  36.96526300   51.00704700   59.56564300
C  35.64379600   50.96582700   59.93544800
H  37.03209800   52.45437000   62.38688600
H  34.89231100   50.47843700   59.31978300
H  38.67897100   51.83902400   60.53052800
Fe 37.82764800   50.06011700   57.82887000
O  38.70480700   49.90135900   55.82335200
C  35.51792400   50.13607800   56.75913100
O  36.29117100   51.13464500   56.70820600
C  34.10211400   50.29521100   56.26034800
O  35.93610700   49.04014000   57.24728100
H  34.08981410   50.22312256   55.19285000
H  33.72456122   51.25122929   56.55764067
C  41.16898100   47.83311800   55.00831700
C  42.42949400   48.58107100   55.40610600
C  40.41677200   47.92342100   53.89818900
C  40.54714400   48.87866600   52.78837400
O  41.39958800   49.89009100   52.89888400
C  43.33000700   48.77613600   54.14090000
O  39.80257000   48.79702000   51.81488300
C  42.86953500   49.80059600   53.05476300
H  40.83941600   47.06061400   55.70925600
H  39.41846400   49.29472300   55.58413500
H  39.10743500   50.81279400   55.85061000
H  39.57897600   47.23285300   53.77525100
H  43.42923312   47.82305423   53.66478099
H  39.14659400   46.85632000   61.93586400
H  34.63263200   51.62109200   61.81557000
H  41.86732900   52.20388900   59.15983700
H  44.30010594   49.07654978   54.47788605
H  43.29471935   49.51492240   52.11534357
H  43.24337591   50.76776760   53.31881238
H  42.96339160   48.01682979   56.14196278
H  42.16654508   49.53674895   55.80914139
H  33.48838609   49.52408074   56.67699675

TS2rebC2
C  38.70154500   47.26242000   60.92219500
N  37.39948600   46.97059700   60.57041400
C  37.10926600   47.65638100   59.44931900
N  38.16425000   48.36436800   59.05251500
C  39.16701400   48.14238000   59.97057200
H  36.75606900   46.35459900   61.08044100
H  40.13535300   48.63093800   59.89115100
H  36.14482100   47.65516400   58.94864800
C  41.24580200   52.74617000   58.43947700
C  40.14475000   51.92926100   57.75485400
O  39.57929800   50.98180200   58.41351900
O  39.83881300   52.22918400   56.58975500
H  41.88365300   53.15016400   57.64121400
H  40.77510300   53.60577100   58.94794100
C  35.54431500   51.54915400   61.00410900
N  36.81290800   51.94829100   61.36325700
C  37.65735400   51.60428500   60.36948900
N  37.00253500   50.99663200   59.39098000
C  35.68105600   50.94973800   59.77423900
H  37.08568600   52.40575600   62.23591900
H  34.91806400   50.47759900   59.16195700
H  38.72223700   51.80342000   60.36876200
Fe 37.97028900   49.98119500   57.63466600
O  38.80438100   49.65288900   55.96225000
C  35.62857100   50.11653000   56.69952100
O  36.42555800   51.10090300   56.65252600
C  34.20909500   50.29916200   56.23254400
O  36.05950800   49.01790300   57.17209200
H  34.17171402   50.22158716   55.16601467
H  33.85622453   51.26371360   56.53258174
C  40.89120000   47.82933300   55.37371300
C  42.23792100   48.57692300   55.61320000
C  39.82016300   48.35275000   54.48413200
C  40.08013600   49.06888500   53.26202800
O  41.03548400   50.02440700   53.31818800
C  43.01324500   48.74938700   54.26691900
O  39.42246200   48.90451100   52.22385500
C  42.48242000   49.81887500   53.24459700
H  41.14927400   46.82289600   54.98238600
H  40.40593600   47.63664000   56.33700800
H  39.16333000   50.52283700   55.69556300
H  38.90290500   47.76207700   54.46613700
H  39.15910500   46.88672400   61.83737700
H  34.68663900   51.60301900   61.67459900
H  41.85307900   52.20052600   59.16166400
H  42.73309391   49.50008568   52.25442734
H  42.97099869   50.75070798   53.43922013
H  42.83803550   48.01345734   56.29677079
H  42.03717399   49.54119650   56.03126371
H  33.59044240   49.54199241   56.66712791
H  44.02540247   49.00188973   54.50499383
H  43.01875252   47.80104091   53.77142999

PrebC2
C  38.69208300   47.28326200   60.93438500
N  37.38552800   47.01883000   60.57937900
C  37.11243500   47.72569700   59.46196400
N  38.17717400   48.41881900   59.07264500
C  39.17040100   48.16744000   59.99070900
H  36.73330000   46.40552000   61.07961100
H  40.14496100   48.64620000   59.92510300
H  36.14976200   47.74090900   58.95567700
C  41.25584500   52.84642200   58.45653800
C  40.17233500   51.99784700   57.78674100
O  39.59007000   51.10127400   58.46525700
O  39.92338200   52.22038200   56.57281800
H  41.89375000   53.25355600   57.66109900
H  40.78188500   53.69652700   58.97678800
C  35.46515600   51.59247000   61.08159400
N  36.73614000   51.97339600   61.45053100
C  37.57887200   51.63740700   60.45177000
N  36.91942600   51.05239600   59.46485900
C  35.59869000   51.01216000   59.84149700
H  37.01474700   52.41080200   62.33114100
H  34.83278600   50.56755100   59.21004800
H  38.64649500   51.82745800   60.45431800
Fe 37.88405900   50.13835500   57.73557600
O  39.01591200   49.85427000   55.80419700
C  35.59581800   50.04109600   56.60146900
O  36.36223800   51.06099100   56.63968100
C  34.15630900   50.27244400   56.20179900
O  36.03955100   48.90486900   56.92059100
H  34.07736293   50.26844803   55.13472283
H  33.82868746   51.21818300   56.58013996
C  40.69283500   48.03560500   55.54632100
C  42.11514200   48.68148400   55.68627700
C  39.48537400   48.81559900   54.97856400
C  39.87616300   49.24452700   53.57641500
O  40.78071300   50.22148500   53.60052200
C  42.77913400   48.86297100   54.27231100
O  39.46827400   48.70354300   52.55970700
C  42.22599600   50.00084000   53.33753000
H  40.79456600   47.11295700   54.94728000
H  40.34478200   47.71620100   56.53581500
H  39.50109800   50.72258300   55.79391200
H  38.64708600   48.10852200   54.88948600
H  42.68232301   47.93583479   53.74700530
H  39.14778000   46.89988100   61.84730700
H  34.61132000   51.62652800   61.75825500
H  41.85785000   52.28800500   59.17335600
H  43.82213339   49.04677722   54.42484804
H  42.76286331   50.90689958   53.52655256
H  42.36058516   49.71599823   52.31495926
H  42.73296075   48.04784679   56.28769522
H  42.02392147   49.63718618   56.15873033
H  33.54402050   49.49444454   56.60765566


